A = [1:5; 6:10; 11:15; 16:20];
A([1,2,3,4],2);
v = ans;
A(4,[1,2,3,4,5])=0;